#Elapsed Time (secs),Bytes Received,Requests Serviced, Requests Failed, Comment
   0.30358,       1034,          0,          0, (null)
   0.31585,       1034,          1,          0, /courses/ud923/filecorpus/1kb-sample-file-1.html
   0.57364,       2107,          1,          0, (null)
   0.57679,       2107,          2,          0, /courses/ud923/filecorpus/1kb-sample-file-2.png
   0.86276,       3402,          2,          0, (null)
   0.86674,       3402,          3,          0, /courses/ud923/filecorpus/1kb-sample-file-3.jpg
   1.39289,       4675,          3,          0, (null)
   1.40081,       4675,          4,          0, /courses/ud923/filecorpus/1kb-sample-file-4.png
   2.48107,       8752,          4,          0, (null)
   2.48134,      12848,          4,          0, (null)
   2.48142,      16944,          4,          0, (null)
   2.48147,      21040,          4,          0, (null)
   2.48149,      25136,          4,          0, (null)
   2.48149,      29232,          4,          0, (null)
   2.48150,      33328,          4,          0, (null)
   2.48150,      37424,          4,          0, (null)
   2.48151,      41520,          4,          0, (null)
   2.48151,      45616,          4,          0, (null)
   2.48152,      49712,          4,          0, (null)
   2.48153,      53808,          4,          0, (null)
   2.48153,      57904,          4,          0, (null)
   2.48154,      62000,          4,          0, (null)
   2.48154,      66096,          4,          0, (null)
   2.48155,      70192,          4,          0, (null)
   2.48155,      74288,          4,          0, (null)
   2.48156,      78384,          4,          0, (null)
   2.48156,      82480,          4,          0, (null)
   2.48157,      86576,          4,          0, (null)
   2.48158,      90672,          4,          0, (null)
   2.48158,      94768,          4,          0, (null)
   2.48159,      98864,          4,          0, (null)
   2.48159,     102960,          4,          0, (null)
   2.48160,     107056,          4,          0, (null)
   2.48160,     111152,          4,          0, (null)
   2.48161,     115248,          4,          0, (null)
   2.48162,     119344,          4,          0, (null)
   2.48162,     123440,          4,          0, (null)
   2.48163,     127536,          4,          0, (null)
   2.48163,     131632,          4,          0, (null)
   2.48164,     135728,          4,          0, (null)
   2.48164,     139824,          4,          0, (null)
   2.48165,     143920,          4,          0, (null)
   2.48165,     148016,          4,          0, (null)
   2.48166,     152112,          4,          0, (null)
   2.48166,     156208,          4,          0, (null)
   2.48167,     160304,          4,          0, (null)
   2.48168,     164400,          4,          0, (null)
   2.48168,     168496,          4,          0, (null)
   2.48169,     172592,          4,          0, (null)
   2.48169,     176688,          4,          0, (null)
   2.48170,     180784,          4,          0, (null)
   2.48170,     184880,          4,          0, (null)
   2.48171,     188976,          4,          0, (null)
   2.48171,     193072,          4,          0, (null)
   2.48172,     197168,          4,          0, (null)
   2.48172,     201264,          4,          0, (null)
   2.48173,     205360,          4,          0, (null)
   2.48174,     209456,          4,          0, (null)
   2.48174,     213552,          4,          0, (null)
   2.48175,     217648,          4,          0, (null)
   2.48175,     221744,          4,          0, (null)
   2.48176,     225840,          4,          0, (null)
   2.48177,     229936,          4,          0, (null)
   2.48177,     234032,          4,          0, (null)
   2.48178,     237849,          4,          0, (null)
   2.48657,     237849,          5,          0, /courses/ud923/filecorpus/paraglider.jpg
   3.44938,     241926,          5,          0, (null)
   3.44958,     246022,          5,          0, (null)
   3.44964,     250118,          5,          0, (null)
   3.44965,     254214,          5,          0, (null)
   3.44967,     258310,          5,          0, (null)
   3.44968,     262406,          5,          0, (null)
   3.44968,     266502,          5,          0, (null)
   3.44969,     270598,          5,          0, (null)
   3.44969,     274694,          5,          0, (null)
   3.44970,     278790,          5,          0, (null)
   3.44970,     282886,          5,          0, (null)
   3.44971,     286982,          5,          0, (null)
   3.44971,     291078,          5,          0, (null)
   3.44972,     295174,          5,          0, (null)
   3.44973,     299270,          5,          0, (null)
   3.44973,     303366,          5,          0, (null)
   3.44974,     307462,          5,          0, (null)
   3.44974,     311558,          5,          0, (null)
   3.44975,     315654,          5,          0, (null)
   3.44975,     319750,          5,          0, (null)
   3.44976,     323846,          5,          0, (null)
   3.44976,     327942,          5,          0, (null)
   3.44977,     332038,          5,          0, (null)
   3.44977,     336134,          5,          0, (null)
   3.44978,     340230,          5,          0, (null)
   3.44979,     344326,          5,          0, (null)
   3.44979,     348422,          5,          0, (null)
   3.44980,     352518,          5,          0, (null)
   3.44980,     356614,          5,          0, (null)
   3.44981,     360710,          5,          0, (null)
   3.44981,     364806,          5,          0, (null)
   3.44982,     368902,          5,          0, (null)
   3.44983,     372998,          5,          0, (null)
   3.44983,     376026,          5,          0, (null)
   3.45480,     376026,          6,          0, /courses/ud923/filecorpus/road.jpg
   4.26376,     380103,          6,          0, (null)
   4.26406,     384199,          6,          0, (null)
   4.26412,     388295,          6,          0, (null)
   4.26414,     392391,          6,          0, (null)
   4.26414,     396487,          6,          0, (null)
   4.26415,     400583,          6,          0, (null)
   4.26415,     404679,          6,          0, (null)
   4.26416,     408775,          6,          0, (null)
   4.26417,     412871,          6,          0, (null)
   4.26417,     416967,          6,          0, (null)
   4.26418,     421063,          6,          0, (null)
   4.26418,     425159,          6,          0, (null)
   4.26419,     429255,          6,          0, (null)
   4.26419,     433351,          6,          0, (null)
   4.26420,     437447,          6,          0, (null)
   4.26420,     441543,          6,          0, (null)
   4.26421,     445639,          6,          0, (null)
   4.26422,     449735,          6,          0, (null)
   4.26422,     453831,          6,          0, (null)
   4.26423,     457927,          6,          0, (null)
   4.26423,     462023,          6,          0, (null)
   4.26424,     466119,          6,          0, (null)
   4.26424,     470215,          6,          0, (null)
   4.26425,     474311,          6,          0, (null)
   4.26425,     478407,          6,          0, (null)
   4.26426,     480270,          6,          0, (null)
   4.26872,     480270,          7,          0, /courses/ud923/filecorpus/yellowstone.jpg
   6.07548,     484347,          7,          0, (null)
   6.07572,     488443,          7,          0, (null)
   6.07580,     492539,          7,          0, (null)
   6.07585,     496635,          7,          0, (null)
   6.07586,     500731,          7,          0, (null)
   6.07587,     504827,          7,          0, (null)
   6.07588,     508923,          7,          0, (null)
   6.07588,     513019,          7,          0, (null)
   6.07589,     517115,          7,          0, (null)
   6.07589,     521211,          7,          0, (null)
   6.07590,     525307,          7,          0, (null)
   6.07590,     529403,          7,          0, (null)
   6.07591,     533499,          7,          0, (null)
   6.07591,     537595,          7,          0, (null)
   6.07592,     541691,          7,          0, (null)
   6.07593,     545787,          7,          0, (null)
   6.07594,     549883,          7,          0, (null)
   6.07595,     553979,          7,          0, (null)
   6.07595,     558075,          7,          0, (null)
   6.07596,     562171,          7,          0, (null)
   6.07596,     566267,          7,          0, (null)
   6.07597,     570363,          7,          0, (null)
   6.07597,     574459,          7,          0, (null)
   6.07598,     578555,          7,          0, (null)
   6.07598,     582651,          7,          0, (null)
   6.07599,     586747,          7,          0, (null)
   6.07600,     590843,          7,          0, (null)
   6.07600,     594939,          7,          0, (null)
   6.07601,     599035,          7,          0, (null)
   6.07601,     603131,          7,          0, (null)
   6.07602,     607227,          7,          0, (null)
   6.07602,     611323,          7,          0, (null)
   6.07603,     615419,          7,          0, (null)
   6.07603,     619515,          7,          0, (null)
   6.07604,     623611,          7,          0, (null)
   6.07605,     627707,          7,          0, (null)
   6.07605,     631803,          7,          0, (null)
   6.07606,     635899,          7,          0, (null)
   6.07606,     639995,          7,          0, (null)
   6.07607,     644091,          7,          0, (null)
   6.07607,     648187,          7,          0, (null)
   6.07608,     652283,          7,          0, (null)
   6.07608,     656379,          7,          0, (null)
   6.07609,     660475,          7,          0, (null)
   6.07609,     664571,          7,          0, (null)
   6.07610,     668667,          7,          0, (null)
   6.07611,     672763,          7,          0, (null)
   6.07611,     676859,          7,          0, (null)
   6.07612,     680955,          7,          0, (null)
   6.07612,     685051,          7,          0, (null)
   6.07613,     689147,          7,          0, (null)
   6.07613,     693243,          7,          0, (null)
   6.07614,     697339,          7,          0, (null)
   6.07615,     701435,          7,          0, (null)
   6.07615,     705531,          7,          0, (null)
   6.07616,     709627,          7,          0, (null)
   6.07616,     713723,          7,          0, (null)
   6.07617,     717819,          7,          0, (null)
   6.07617,     721915,          7,          0, (null)
   6.07618,     726011,          7,          0, (null)
   6.07619,     730107,          7,          0, (null)
   6.07619,     734203,          7,          0, (null)
   6.07620,     738299,          7,          0, (null)
   6.07620,     742395,          7,          0, (null)
   6.07621,     746491,          7,          0, (null)
   6.07621,     750587,          7,          0, (null)
   6.07622,     754683,          7,          0, (null)
   6.07622,     758779,          7,          0, (null)
   6.07623,     762875,          7,          0, (null)
   6.07623,     766971,          7,          0, (null)
   6.07624,     771067,          7,          0, (null)
   6.07624,     775163,          7,          0, (null)
   6.07625,     779259,          7,          0, (null)
   6.07626,     783355,          7,          0, (null)
   6.07626,     787451,          7,          0, (null)
   6.07627,     791547,          7,          0, (null)
   6.07627,     795643,          7,          0, (null)
   6.07628,     799739,          7,          0, (null)
   6.07628,     803835,          7,          0, (null)
   6.07629,     807931,          7,          0, (null)
   6.07629,     812027,          7,          0, (null)
   6.07630,     816123,          7,          0, (null)
   6.07630,     820219,          7,          0, (null)
   6.07631,     824315,          7,          0, (null)
   6.07632,     828411,          7,          0, (null)
   6.07632,     832507,          7,          0, (null)
   6.07633,     836603,          7,          0, (null)
   6.07633,     840699,          7,          0, (null)
   6.07634,     844795,          7,          0, (null)
   6.07634,     848891,          7,          0, (null)
   6.07635,     852987,          7,          0, (null)
   6.07636,     857083,          7,          0, (null)
   6.07636,     861179,          7,          0, (null)
   6.07637,     865275,          7,          0, (null)
   6.07637,     869371,          7,          0, (null)
   6.07638,     873467,          7,          0, (null)
   6.07638,     877563,          7,          0, (null)
   6.07639,     881659,          7,          0, (null)
   6.07640,     885755,          7,          0, (null)
   6.07640,     889851,          7,          0, (null)
   6.07641,     893947,          7,          0, (null)
   6.07641,     898043,          7,          0, (null)
   6.07642,     902139,          7,          0, (null)
   6.07642,     906235,          7,          0, (null)
   6.07643,     910331,          7,          0, (null)
   6.07643,     914427,          7,          0, (null)
   6.07644,     918523,          7,          0, (null)
   6.07645,     922619,          7,          0, (null)
   6.07645,     926715,          7,          0, (null)
   6.07646,     930811,          7,          0, (null)
   6.07647,     932501,          7,          0, (null)
   6.08817,     932501,          8,          0, /courses/ud923/filecorpus/moranabovejacksonlake.jpg
   6.31653,     932501,          8,          1, /courses/filenotfound
   6.56980,     933771,          8,          1, (null)
   6.57718,     933771,          9,          1, /courses/ud923/filecorpus/1kb-sample-file-0.png
